 ================================================
       I  NZ  NE  ISLP  ILV        E(RYD)      NP
 ================================================
       1   2   1   200    1  -4.00000E+00     101
  3.960000E+00 1.619E+00
  4.000000E+00 1.576E+00
  4.101260E+00 1.474E+00
  4.205084E+00 1.379E+00
  4.311536E+00 1.289E+00
  4.420684E+00 1.206E+00
  4.532592E+00 1.127E+00
  4.647336E+00 1.053E+00
  4.764984E+00 9.843E-01
  4.885612E+00 9.198E-01
  5.009292E+00 8.590E-01
  5.136100E+00 8.025E-01
  5.266124E+00 7.493E-01
  5.399436E+00 6.997E-01
  5.536124E+00 6.532E-01
  5.676272E+00 6.095E-01
  5.819964E+00 5.690E-01
  5.967300E+00 5.307E-01
  6.118360E+00 4.953E-01
  6.273248E+00 4.620E-01
  6.432056E+00 4.308E-01
  6.594884E+00 4.017E-01
  6.761836E+00 3.745E-01
  6.933012E+00 3.493E-01
  7.108520E+00 3.255E-01
  7.288476E+00 3.033E-01
  7.472984E+00 2.825E-01
  7.662164E+00 2.632E-01
  7.856132E+00 2.452E-01
  8.055012E+00 2.283E-01
  8.258924E+00 2.126E-01
  8.468000E+00 1.980E-01
  8.682368E+00 1.843E-01
  8.902164E+00 1.715E-01
  9.127524E+00 1.597E-01
  9.358588E+00 1.486E-01
  9.595500E+00 1.382E-01
  9.838412E+00 1.286E-01
  1.008747E+01 1.196E-01
  1.034284E+01 1.113E-01
  1.060467E+01 1.035E-01
  1.087313E+01 9.620E-02
  1.114838E+01 8.942E-02
  1.143060E+01 8.312E-02
  1.171997E+01 7.727E-02
  1.201666E+01 7.180E-02
  1.232087E+01 6.672E-02
  1.263277E+01 6.200E-02
  1.295257E+01 5.760E-02
  1.328047E+01 5.350E-02
  1.361666E+01 4.968E-02
  1.396137E+01 4.615E-02
  1.431480E+01 4.285E-02
  1.467719E+01 3.978E-02
  1.504874E+01 3.692E-02
  1.542970E+01 3.427E-02
  1.582031E+01 3.180E-02
  1.622080E+01 2.952E-02
  1.663143E+01 2.740E-02
  1.705246E+01 2.542E-02
  1.748414E+01 2.358E-02
  1.792676E+01 2.187E-02
  1.838057E+01 2.029E-02
  1.884588E+01 1.881E-02
  1.932297E+01 1.744E-02
  1.981213E+01 1.617E-02
  2.031368E+01 1.499E-02
  2.082792E+01 1.390E-02
  2.135518E+01 1.288E-02
  2.189579E+01 1.194E-02
  2.245008E+01 1.106E-02
  2.301841E+01 1.025E-02
  2.360112E+01 9.500E-03
  2.419859E+01 8.802E-03
  2.481118E+01 8.153E-03
  2.543928E+01 7.552E-03
  2.608328E+01 6.995E-03
  2.674358E+01 6.477E-03
  2.742060E+01 5.997E-03
  2.811475E+01 5.552E-03
  2.882648E+01 5.140E-03
  2.955622E+01 4.760E-03
  3.030445E+01 4.405E-03
  3.107160E+01 4.077E-03
  3.185819E+01 3.773E-03
  3.266468E+01 3.492E-03
  3.349159E+01 3.230E-03
  3.433944E+01 2.990E-03
  3.520874E+01 2.765E-03
  3.610006E+01 2.558E-03
  3.701394E+01 2.366E-03
  3.795094E+01 2.188E-03
  3.891168E+01 2.023E-03
  3.989673E+01 1.871E-03
  4.090672E+01 1.730E-03
  4.194228E+01 1.600E-03
  4.300404E+01 1.478E-03
  4.409272E+01 1.367E-03
  4.520892E+01 1.263E-03
  4.635340E+01 1.167E-03
  4.752684E+01 1.079E-03
       2   2   1   200    2  -1.00000E+00     102
  9.600000E-01 4.022E+00
  9.797960E-01 3.855E+00
  1.000000E+00 3.695E+00
  1.025315E+00 3.507E+00
  1.051271E+00 3.327E+00
  1.077884E+00 3.157E+00
  1.105171E+00 2.995E+00
  1.133148E+00 2.840E+00
  1.161834E+00 2.692E+00
  1.191246E+00 2.552E+00
  1.221403E+00 2.419E+00
  1.252323E+00 2.292E+00
  1.284026E+00 2.171E+00
  1.316531E+00 2.056E+00
  1.349859E+00 1.948E+00
  1.384031E+00 1.844E+00
  1.419068E+00 1.745E+00
  1.454992E+00 1.651E+00
  1.491825E+00 1.562E+00
  1.529590E+00 1.478E+00
  1.568312E+00 1.398E+00
  1.608014E+00 1.321E+00
  1.648721E+00 1.249E+00
  1.690459E+00 1.181E+00
  1.733253E+00 1.116E+00
  1.777130E+00 1.054E+00
  1.822119E+00 9.955E-01
  1.868246E+00 9.402E-01
  1.915541E+00 8.877E-01
  1.964033E+00 8.380E-01
  2.013753E+00 7.908E-01
  2.064731E+00 7.463E-01
  2.117000E+00 7.040E-01
  2.170592E+00 6.640E-01
  2.225541E+00 6.260E-01
  2.281881E+00 5.902E-01
  2.339647E+00 5.565E-01
  2.398875E+00 5.245E-01
  2.459603E+00 4.943E-01
  2.521868E+00 4.655E-01
  2.585710E+00 4.385E-01
  2.651167E+00 4.128E-01
  2.718282E+00 3.887E-01
  2.787095E+00 3.660E-01
  2.857651E+00 3.443E-01
  2.929993E+00 3.240E-01
  3.004166E+00 3.048E-01
  3.080217E+00 2.868E-01
  3.158193E+00 2.697E-01
  3.238143E+00 2.535E-01
  3.320117E+00 2.383E-01
  3.404166E+00 2.240E-01
  3.490343E+00 2.105E-01
  3.578701E+00 1.977E-01
  3.669297E+00 1.857E-01
  3.762186E+00 1.744E-01
  3.857426E+00 1.638E-01
  3.955077E+00 1.537E-01
  4.055200E+00 1.443E-01
  4.157860E+00 1.354E-01
  4.263116E+00 1.271E-01
  4.371036E+00 1.192E-01
  4.481688E+00 1.118E-01
  4.595144E+00 1.048E-01
  4.711472E+00 9.830E-02
  4.830740E+00 9.215E-02
  4.953032E+00 8.635E-02
  5.078420E+00 8.092E-02
  5.206980E+00 7.580E-02
  5.338796E+00 7.102E-02
  5.473948E+00 6.650E-02
  5.612520E+00 6.228E-02
  5.754604E+00 5.830E-02
  5.900280E+00 5.457E-02
  6.049648E+00 5.107E-02
  6.202796E+00 4.780E-02
  6.359820E+00 4.473E-02
  6.520820E+00 4.183E-02
  6.685896E+00 3.913E-02
  6.855148E+00 3.657E-02
  7.028688E+00 3.420E-02
  7.206620E+00 3.197E-02
  7.389056E+00 2.987E-02
  7.576112E+00 2.792E-02
  7.767900E+00 2.608E-02
  7.964548E+00 2.436E-02
  8.166172E+00 2.275E-02
  8.372896E+00 2.124E-02
  8.584860E+00 1.983E-02
  8.802184E+00 1.852E-02
  9.025012E+00 1.728E-02
  9.253484E+00 1.613E-02
  9.487736E+00 1.505E-02
  9.727920E+00 1.404E-02
  9.974184E+00 1.309E-02
  1.022668E+01 1.221E-02
  1.048557E+01 1.139E-02
  1.075101E+01 1.061E-02
  1.102318E+01 9.895E-03
  1.130223E+01 9.222E-03
  1.158835E+01 8.595E-03
  1.188171E+01 8.007E-03
       3   2   1   211    1  -1.00000E+00     102
  9.600000E-01 3.837E+00
  9.797960E-01 3.605E+00
  1.000000E+00 3.387E+00
  1.025315E+00 3.137E+00
  1.051271E+00 2.905E+00
  1.077884E+00 2.690E+00
  1.105171E+00 2.490E+00
  1.133148E+00 2.304E+00
  1.161834E+00 2.132E+00
  1.191246E+00 1.972E+00
  1.221403E+00 1.824E+00
  1.252323E+00 1.687E+00
  1.284026E+00 1.559E+00
  1.316531E+00 1.442E+00
  1.349859E+00 1.332E+00
  1.384031E+00 1.231E+00
  1.419068E+00 1.137E+00
  1.454992E+00 1.050E+00
  1.491825E+00 9.695E-01
  1.529590E+00 8.950E-01
  1.568312E+00 8.262E-01
  1.608014E+00 7.625E-01
  1.648721E+00 7.035E-01
  1.690459E+00 6.487E-01
  1.733253E+00 5.983E-01
  1.777130E+00 5.518E-01
  1.822119E+00 5.085E-01
  1.868246E+00 4.688E-01
  1.915541E+00 4.320E-01
  1.964033E+00 3.980E-01
  2.013753E+00 3.665E-01
  2.064731E+00 3.375E-01
  2.117000E+00 3.108E-01
  2.170592E+00 2.863E-01
  2.225541E+00 2.635E-01
  2.281881E+00 2.424E-01
  2.339647E+00 2.230E-01
  2.398875E+00 2.051E-01
  2.459603E+00 1.886E-01
  2.521868E+00 1.734E-01
  2.585710E+00 1.594E-01
  2.651167E+00 1.465E-01
  2.718282E+00 1.347E-01
  2.787095E+00 1.237E-01
  2.857651E+00 1.137E-01
  2.929993E+00 1.044E-01
  3.004166E+00 9.585E-02
  3.080217E+00 8.797E-02
  3.158193E+00 8.075E-02
  3.238143E+00 7.410E-02
  3.320117E+00 6.800E-02
  3.404166E+00 6.237E-02
  3.490343E+00 5.720E-02
  3.578701E+00 5.245E-02
  3.669297E+00 4.810E-02
  3.762186E+00 4.407E-02
  3.857426E+00 4.040E-02
  3.955077E+00 3.702E-02
  4.055200E+00 3.390E-02
  4.157860E+00 3.105E-02
  4.263116E+00 2.845E-02
  4.371036E+00 2.605E-02
  4.481688E+00 2.383E-02
  4.595144E+00 2.182E-02
  4.711472E+00 1.996E-02
  4.830740E+00 1.826E-02
  4.953032E+00 1.671E-02
  5.078420E+00 1.528E-02
  5.206980E+00 1.397E-02
  5.338796E+00 1.277E-02
  5.473948E+00 1.167E-02
  5.612520E+00 1.067E-02
  5.754604E+00 9.745E-03
  5.900280E+00 8.902E-03
  6.049648E+00 8.132E-03
  6.202796E+00 7.425E-03
  6.359820E+00 6.780E-03
  6.520820E+00 6.190E-03
  6.685896E+00 5.650E-03
  6.855148E+00 5.155E-03
  7.028688E+00 4.703E-03
  7.206620E+00 4.290E-03
  7.389056E+00 3.912E-03
  7.576112E+00 3.567E-03
  7.767900E+00 3.252E-03
  7.964548E+00 2.965E-03
  8.166172E+00 2.703E-03
  8.372896E+00 2.463E-03
  8.584860E+00 2.244E-03
  8.802184E+00 2.044E-03
  9.025012E+00 1.862E-03
  9.253484E+00 1.695E-03
  9.487736E+00 1.544E-03
  9.727920E+00 1.405E-03
  9.974184E+00 1.279E-03
  1.022668E+01 1.164E-03
  1.048557E+01 1.059E-03
  1.075101E+01 9.635E-04
  1.102318E+01 8.762E-04
  1.130223E+01 7.970E-04
  1.158835E+01 7.247E-04
  1.188171E+01 6.587E-04
       4   2   1   220    1  -4.44444E-01     104
  4.044444E-01 6.255E+00
  4.140936E-01 5.768E+00
  4.239728E-01 5.320E+00
  4.340880E-01 4.905E+00
  4.444444E-01 4.522E+00
  4.556956E-01 4.150E+00
  4.672316E-01 3.807E+00
  4.790596E-01 3.490E+00
  4.911872E-01 3.200E+00
  5.036216E-01 2.932E+00
  5.163708E-01 2.688E+00
  5.294428E-01 2.462E+00
  5.428456E-01 2.255E+00
  5.565880E-01 2.064E+00
  5.706780E-01 1.889E+00
  5.851248E-01 1.729E+00
  5.999372E-01 1.581E+00
  6.151248E-01 1.446E+00
  6.306968E-01 1.322E+00
  6.466628E-01 1.208E+00
  6.630332E-01 1.104E+00
  6.798180E-01 1.008E+00
  6.970276E-01 9.208E-01
  7.146728E-01 8.405E-01
  7.327648E-01 7.672E-01
  7.513152E-01 7.000E-01
  7.703348E-01 6.385E-01
  7.898356E-01 5.822E-01
  8.098308E-01 5.307E-01
  8.303316E-01 4.838E-01
  8.513516E-01 4.407E-01
  8.729036E-01 4.012E-01
  8.950012E-01 3.655E-01
  9.176584E-01 3.327E-01
  9.408888E-01 3.028E-01
  9.647076E-01 2.755E-01
  9.891292E-01 2.505E-01
  1.014169E+00 2.278E-01
  1.039843E+00 2.071E-01
  1.066167E+00 1.882E-01
  1.093157E+00 1.709E-01
  1.120830E+00 1.553E-01
  1.149204E+00 1.410E-01
  1.178297E+00 1.280E-01
  1.208125E+00 1.161E-01
  1.238709E+00 1.053E-01
  1.270067E+00 9.555E-02
  1.302219E+00 8.665E-02
  1.335185E+00 7.855E-02
  1.368985E+00 7.117E-02
  1.403641E+00 6.447E-02
  1.439175E+00 5.840E-02
  1.475608E+00 5.287E-02
  1.512963E+00 4.788E-02
  1.551264E+00 4.332E-02
  1.590534E+00 3.918E-02
  1.630799E+00 3.545E-02
  1.672082E+00 3.205E-02
  1.714412E+00 2.898E-02
  1.757812E+00 2.618E-02
  1.802311E+00 2.365E-02
  1.847937E+00 2.136E-02
  1.894718E+00 1.929E-02
  1.942683E+00 1.741E-02
  1.991862E+00 1.571E-02
  2.042286E+00 1.418E-02
  2.093987E+00 1.279E-02
  2.146996E+00 1.153E-02
  2.201348E+00 1.040E-02
  2.257075E+00 9.370E-03
  2.314213E+00 8.442E-03
  2.372798E+00 7.605E-03
  2.432866E+00 6.850E-03
  2.494454E+00 6.167E-03
  2.557601E+00 5.550E-03
  2.622347E+00 4.995E-03
  2.688732E+00 4.492E-03
  2.756798E+00 4.040E-03
  2.826587E+00 3.633E-03
  2.898142E+00 3.265E-03
  2.971509E+00 2.935E-03
  3.046733E+00 2.638E-03
  3.123861E+00 2.369E-03
  3.202942E+00 2.127E-03
  3.284025E+00 1.910E-03
  3.367161E+00 1.714E-03
  3.452400E+00 1.538E-03
  3.539798E+00 1.380E-03
  3.629409E+00 1.238E-03
  3.721288E+00 1.110E-03
  3.815493E+00 9.947E-04
  3.912082E+00 8.915E-04
  4.011116E+00 7.990E-04
  4.112660E+00 7.157E-04
  4.216772E+00 6.410E-04
  4.323520E+00 5.737E-04
  4.432968E+00 5.137E-04
  4.545192E+00 4.597E-04
  4.660252E+00 4.112E-04
  4.778228E+00 3.680E-04
  4.899188E+00 3.290E-04
  5.023212E+00 2.942E-04
  5.150376E+00 2.630E-04
  5.280760E+00 2.350E-04
       5   2   1   200    3  -4.44444E-01     104
  4.044444E-01 7.628E+00
  4.140936E-01 7.270E+00
  4.239728E-01 6.930E+00
  4.340880E-01 6.605E+00
  4.444444E-01 6.295E+00
  4.556956E-01 5.982E+00
  4.672316E-01 5.685E+00
  4.790596E-01 5.402E+00
  4.911872E-01 5.133E+00
  5.036216E-01 4.875E+00
  5.163708E-01 4.630E+00
  5.294428E-01 4.397E+00
  5.428456E-01 4.175E+00
  5.565880E-01 3.965E+00
  5.706780E-01 3.762E+00
  5.851248E-01 3.573E+00
  5.999372E-01 3.390E+00
  6.151248E-01 3.218E+00
  6.306968E-01 3.052E+00
  6.466628E-01 2.895E+00
  6.630332E-01 2.747E+00
  6.798180E-01 2.605E+00
  6.970276E-01 2.470E+00
  7.146728E-01 2.343E+00
  7.327648E-01 2.221E+00
  7.513152E-01 2.105E+00
  7.703348E-01 1.995E+00
  7.898356E-01 1.891E+00
  8.098308E-01 1.792E+00
  8.303316E-01 1.698E+00
  8.513516E-01 1.608E+00
  8.729036E-01 1.524E+00
  8.950012E-01 1.443E+00
  9.176584E-01 1.366E+00
  9.408888E-01 1.294E+00
  9.647076E-01 1.225E+00
  9.891292E-01 1.159E+00
  1.014169E+00 1.097E+00
  1.039843E+00 1.039E+00
  1.066167E+00 9.828E-01
  1.093157E+00 9.298E-01
  1.120830E+00 8.795E-01
  1.149204E+00 8.320E-01
  1.178297E+00 7.868E-01
  1.208125E+00 7.440E-01
  1.238709E+00 7.032E-01
  1.270067E+00 6.650E-01
  1.302219E+00 6.285E-01
  1.335185E+00 5.940E-01
  1.368985E+00 5.613E-01
  1.403641E+00 5.302E-01
  1.439175E+00 5.010E-01
  1.475608E+00 4.730E-01
  1.512963E+00 4.467E-01
  1.551264E+00 4.218E-01
  1.590534E+00 3.982E-01
  1.630799E+00 3.760E-01
  1.672082E+00 3.548E-01
  1.714412E+00 3.350E-01
  1.757812E+00 3.160E-01
  1.802311E+00 2.980E-01
  1.847937E+00 2.813E-01
  1.894718E+00 2.652E-01
  1.942683E+00 2.500E-01
  1.991862E+00 2.358E-01
  2.042286E+00 2.223E-01
  2.093987E+00 2.095E-01
  2.146996E+00 1.975E-01
  2.201348E+00 1.860E-01
  2.257075E+00 1.753E-01
  2.314213E+00 1.651E-01
  2.372798E+00 1.555E-01
  2.432866E+00 1.464E-01
  2.494454E+00 1.379E-01
  2.557601E+00 1.298E-01
  2.622347E+00 1.221E-01
  2.688732E+00 1.149E-01
  2.756798E+00 1.082E-01
  2.826587E+00 1.017E-01
  2.898142E+00 9.572E-02
  2.971509E+00 9.002E-02
  3.046733E+00 8.465E-02
  3.123861E+00 7.957E-02
  3.202942E+00 7.480E-02
  3.284025E+00 7.030E-02
  3.367161E+00 6.607E-02
  3.452400E+00 6.208E-02
  3.539798E+00 5.832E-02
  3.629409E+00 5.478E-02
  3.721288E+00 5.145E-02
  3.815493E+00 4.830E-02
  3.912082E+00 4.535E-02
  4.011116E+00 4.255E-02
  4.112660E+00 3.995E-02
  4.216772E+00 3.748E-02
  4.323520E+00 3.515E-02
  4.432968E+00 3.298E-02
  4.545192E+00 3.093E-02
  4.660252E+00 2.900E-02
  4.778228E+00 2.720E-02
  4.899188E+00 2.548E-02
  5.023212E+00 2.389E-02
  5.150376E+00 2.238E-02
  5.280760E+00 2.097E-02
       6   2   1   211    2  -4.44444E-01     104
  4.044444E-01 8.197E+00
  4.140936E-01 7.737E+00
  4.239728E-01 7.305E+00
  4.340880E-01 6.895E+00
  4.444444E-01 6.510E+00
  4.556956E-01 6.122E+00
  4.672316E-01 5.760E+00
  4.790596E-01 5.415E+00
  4.911872E-01 5.090E+00
  5.036216E-01 4.782E+00
  5.163708E-01 4.492E+00
  5.294428E-01 4.220E+00
  5.428456E-01 3.962E+00
  5.565880E-01 3.718E+00
  5.706780E-01 3.490E+00
  5.851248E-01 3.272E+00
  5.999372E-01 3.070E+00
  6.151248E-01 2.877E+00
  6.306968E-01 2.698E+00
  6.466628E-01 2.527E+00
  6.630332E-01 2.368E+00
  6.798180E-01 2.217E+00
  6.970276E-01 2.076E+00
  7.146728E-01 1.943E+00
  7.327648E-01 1.818E+00
  7.513152E-01 1.701E+00
  7.703348E-01 1.591E+00
  7.898356E-01 1.487E+00
  8.098308E-01 1.390E+00
  8.303316E-01 1.299E+00
  8.513516E-01 1.213E+00
  8.729036E-01 1.133E+00
  8.950012E-01 1.058E+00
  9.176584E-01 9.875E-01
  9.408888E-01 9.215E-01
  9.647076E-01 8.595E-01
  9.891292E-01 8.018E-01
  1.014169E+00 7.475E-01
  1.039843E+00 6.967E-01
  1.066167E+00 6.492E-01
  1.093157E+00 6.048E-01
  1.120830E+00 5.632E-01
  1.149204E+00 5.242E-01
  1.178297E+00 4.880E-01
  1.208125E+00 4.542E-01
  1.238709E+00 4.225E-01
  1.270067E+00 3.930E-01
  1.302219E+00 3.653E-01
  1.335185E+00 3.395E-01
  1.368985E+00 3.155E-01
  1.403641E+00 2.933E-01
  1.439175E+00 2.722E-01
  1.475608E+00 2.527E-01
  1.512963E+00 2.347E-01
  1.551264E+00 2.178E-01
  1.590534E+00 2.021E-01
  1.630799E+00 1.874E-01
  1.672082E+00 1.738E-01
  1.714412E+00 1.611E-01
  1.757812E+00 1.493E-01
  1.802311E+00 1.384E-01
  1.847937E+00 1.282E-01
  1.894718E+00 1.187E-01
  1.942683E+00 1.099E-01
  1.991862E+00 1.017E-01
  2.042286E+00 9.410E-02
  2.093987E+00 8.705E-02
  2.146996E+00 8.050E-02
  2.201348E+00 7.442E-02
  2.257075E+00 6.880E-02
  2.314213E+00 6.357E-02
  2.372798E+00 5.872E-02
  2.432866E+00 5.425E-02
  2.494454E+00 5.010E-02
  2.557601E+00 4.625E-02
  2.622347E+00 4.268E-02
  2.688732E+00 3.938E-02
  2.756798E+00 3.632E-02
  2.826587E+00 3.350E-02
  2.898142E+00 3.087E-02
  2.971509E+00 2.848E-02
  3.046733E+00 2.622E-02
  3.123861E+00 2.416E-02
  3.202942E+00 2.226E-02
  3.284025E+00 2.049E-02
  3.367161E+00 1.887E-02
  3.452400E+00 1.736E-02
  3.539798E+00 1.598E-02
  3.629409E+00 1.470E-02
  3.721288E+00 1.352E-02
  3.815493E+00 1.243E-02
  3.912082E+00 1.142E-02
  4.011116E+00 1.050E-02
  4.112660E+00 9.647E-03
  4.216772E+00 8.862E-03
  4.323520E+00 8.137E-03
  4.432968E+00 7.472E-03
  4.545192E+00 6.857E-03
  4.660252E+00 6.295E-03
  4.778228E+00 5.775E-03
  4.899188E+00 5.297E-03
  5.023212E+00 4.857E-03
  5.150376E+00 4.455E-03
  5.280760E+00 4.082E-03
       7   2   1   211    3  -2.50000E-01     107
  2.100000E-01 1.460E+01
  2.152963E-01 1.380E+01
  2.207262E-01 1.305E+01
  2.262930E-01 1.233E+01
  2.320002E-01 1.166E+01
  2.378513E-01 1.103E+01
  2.438500E-01 1.042E+01
  2.500000E-01 9.855E+00
  2.563288E-01 9.315E+00
  2.628178E-01 8.803E+00
  2.694710E-01 8.317E+00
  2.762928E-01 7.857E+00
  2.832871E-01 7.420E+00
  2.904586E-01 7.008E+00
  2.978116E-01 6.615E+00
  3.053507E-01 6.242E+00
  3.130807E-01 5.893E+00
  3.210064E-01 5.558E+00
  3.291327E-01 5.242E+00
  3.374647E-01 4.945E+00
  3.460077E-01 4.662E+00
  3.547669E-01 4.395E+00
  3.637479E-01 4.143E+00
  3.729562E-01 3.902E+00
  3.823976E-01 3.677E+00
  3.920780E-01 3.462E+00
  4.020036E-01 3.260E+00
  4.121804E-01 3.070E+00
  4.226148E-01 2.890E+00
  4.333132E-01 2.718E+00
  4.442828E-01 2.557E+00
  4.555296E-01 2.406E+00
  4.670616E-01 2.262E+00
  4.788852E-01 2.127E+00
  4.910084E-01 1.999E+00
  5.034380E-01 1.878E+00
  5.161828E-01 1.765E+00
  5.292500E-01 1.658E+00
  5.426480E-01 1.557E+00
  5.563852E-01 1.462E+00
  5.704704E-01 1.372E+00
  5.849116E-01 1.287E+00
  5.997188E-01 1.208E+00
  6.149008E-01 1.133E+00
  6.304672E-01 1.062E+00
  6.464272E-01 9.958E-01
  6.627920E-01 9.333E-01
  6.795704E-01 8.745E-01
  6.967740E-01 8.192E-01
  7.144128E-01 7.672E-01
  7.324984E-01 7.182E-01
  7.510416E-01 6.725E-01
  7.700544E-01 6.292E-01
  7.895484E-01 5.887E-01
  8.095360E-01 5.508E-01
  8.300292E-01 5.150E-01
  8.510416E-01 4.815E-01
  8.725856E-01 4.500E-01
  8.946752E-01 4.205E-01
  9.173244E-01 3.927E-01
  9.405464E-01 3.670E-01
  9.643564E-01 3.425E-01
  9.887692E-01 3.197E-01
  1.013800E+00 2.985E-01
  1.039464E+00 2.785E-01
  1.065779E+00 2.597E-01
  1.092759E+00 2.422E-01
  1.120422E+00 2.258E-01
  1.148786E+00 2.104E-01
  1.177868E+00 1.960E-01
  1.207686E+00 1.826E-01
  1.238258E+00 1.701E-01
  1.269605E+00 1.583E-01
  1.301745E+00 1.474E-01
  1.334699E+00 1.371E-01
  1.368487E+00 1.276E-01
  1.403130E+00 1.186E-01
  1.438651E+00 1.103E-01
  1.475070E+00 1.025E-01
  1.512412E+00 9.530E-02
  1.550699E+00 8.852E-02
  1.589955E+00 8.222E-02
  1.630205E+00 7.635E-02
  1.671474E+00 7.087E-02
  1.713787E+00 6.578E-02
  1.757172E+00 6.102E-02
  1.801655E+00 5.660E-02
  1.847264E+00 5.250E-02
  1.894028E+00 4.865E-02
  1.941975E+00 4.510E-02
  1.991137E+00 4.177E-02
  2.041543E+00 3.870E-02
  2.093224E+00 3.585E-02
  2.146215E+00 3.317E-02
  2.200546E+00 3.072E-02
  2.256254E+00 2.842E-02
  2.313371E+00 2.630E-02
  2.371934E+00 2.431E-02
  2.431980E+00 2.248E-02
  2.493546E+00 2.078E-02
  2.556670E+00 1.920E-02
  2.621393E+00 1.774E-02
  2.687753E+00 1.639E-02
  2.755794E+00 1.513E-02
  2.825557E+00 1.397E-02
  2.897087E+00 1.289E-02
  2.970427E+00 1.189E-02
       8   2   1   220    2  -2.50000E-01     107
  2.100000E-01 1.456E+01
  2.152963E-01 1.358E+01
  2.207262E-01 1.267E+01
  2.262930E-01 1.182E+01
  2.320002E-01 1.102E+01
  2.378513E-01 1.028E+01
  2.438500E-01 9.588E+00
  2.500000E-01 8.940E+00
  2.563288E-01 8.338E+00
  2.628178E-01 7.770E+00
  2.694710E-01 7.240E+00
  2.762928E-01 6.745E+00
  2.832871E-01 6.280E+00
  2.904586E-01 5.845E+00
  2.978116E-01 5.440E+00
  3.053507E-01 5.058E+00
  3.130807E-01 4.702E+00
  3.210064E-01 4.372E+00
  3.291327E-01 4.063E+00
  3.374647E-01 3.772E+00
  3.460077E-01 3.502E+00
  3.547669E-01 3.250E+00
  3.637479E-01 3.015E+00
  3.729562E-01 2.797E+00
  3.823976E-01 2.593E+00
  3.920780E-01 2.402E+00
  4.020036E-01 2.226E+00
  4.121804E-01 2.061E+00
  4.226148E-01 1.908E+00
  4.333132E-01 1.766E+00
  4.442828E-01 1.633E+00
  4.555296E-01 1.510E+00
  4.670616E-01 1.396E+00
  4.788852E-01 1.290E+00
  4.910084E-01 1.192E+00
  5.034380E-01 1.100E+00
  5.161828E-01 1.015E+00
  5.292500E-01 9.370E-01
  5.426480E-01 8.643E-01
  5.563852E-01 7.968E-01
  5.704704E-01 7.343E-01
  5.849116E-01 6.765E-01
  5.997188E-01 6.233E-01
  6.149008E-01 5.737E-01
  6.304672E-01 5.280E-01
  6.464272E-01 4.858E-01
  6.627920E-01 4.467E-01
  6.795704E-01 4.108E-01
  6.967740E-01 3.772E-01
  7.144128E-01 3.468E-01
  7.324984E-01 3.182E-01
  7.510416E-01 2.923E-01
  7.700544E-01 2.682E-01
  7.895484E-01 2.460E-01
  8.095360E-01 2.256E-01
  8.300292E-01 2.067E-01
  8.510416E-01 1.894E-01
  8.725856E-01 1.735E-01
  8.946752E-01 1.589E-01
  9.173244E-01 1.454E-01
  9.405464E-01 1.331E-01
  9.643564E-01 1.217E-01
  9.887692E-01 1.113E-01
  1.013800E+00 1.017E-01
  1.039464E+00 9.295E-02
  1.065779E+00 8.490E-02
  1.092759E+00 7.752E-02
  1.120422E+00 7.075E-02
  1.148786E+00 6.455E-02
  1.177868E+00 5.888E-02
  1.207686E+00 5.368E-02
  1.238258E+00 4.892E-02
  1.269605E+00 4.458E-02
  1.301745E+00 4.060E-02
  1.334699E+00 3.698E-02
  1.368487E+00 3.365E-02
  1.403130E+00 3.062E-02
  1.438651E+00 2.785E-02
  1.475070E+00 2.533E-02
  1.512412E+00 2.302E-02
  1.550699E+00 2.091E-02
  1.589955E+00 1.900E-02
  1.630205E+00 1.725E-02
  1.671474E+00 1.566E-02
  1.713787E+00 1.421E-02
  1.757172E+00 1.289E-02
  1.801655E+00 1.169E-02
  1.847264E+00 1.059E-02
  1.894028E+00 9.602E-03
  1.941975E+00 8.700E-03
  1.991137E+00 7.877E-03
  2.041543E+00 7.132E-03
  2.093224E+00 6.455E-03
  2.146215E+00 5.840E-03
  2.200546E+00 5.282E-03
  2.256254E+00 4.775E-03
  2.313371E+00 4.317E-03
  2.371934E+00 3.900E-03
  2.431980E+00 3.523E-03
  2.493546E+00 3.182E-03
  2.556670E+00 2.873E-03
  2.621393E+00 2.592E-03
  2.687753E+00 2.339E-03
  2.755794E+00 2.110E-03
  2.825557E+00 1.902E-03
  2.897087E+00 1.714E-03
  2.970427E+00 1.545E-03
       9   2   1   231    1  -2.50000E-01     107
  2.100000E-01 9.245E+00
  2.152963E-01 8.410E+00
  2.207262E-01 7.652E+00
  2.262930E-01 6.963E+00
  2.320002E-01 6.335E+00
  2.378513E-01 5.763E+00
  2.438500E-01 5.242E+00
  2.500000E-01 4.770E+00
  2.563288E-01 4.340E+00
  2.628178E-01 3.945E+00
  2.694710E-01 3.585E+00
  2.762928E-01 3.257E+00
  2.832871E-01 2.958E+00
  2.904586E-01 2.685E+00
  2.978116E-01 2.438E+00
  3.053507E-01 2.212E+00
  3.130807E-01 2.005E+00
  3.210064E-01 1.818E+00
  3.291327E-01 1.647E+00
  3.374647E-01 1.492E+00
  3.460077E-01 1.351E+00
  3.547669E-01 1.223E+00
  3.637479E-01 1.107E+00
  3.729562E-01 1.001E+00
  3.823976E-01 9.055E-01
  3.920780E-01 8.185E-01
  4.020036E-01 7.395E-01
  4.121804E-01 6.680E-01
  4.226148E-01 6.033E-01
  4.333132E-01 5.445E-01
  4.442828E-01 4.913E-01
  4.555296E-01 4.430E-01
  4.670616E-01 3.995E-01
  4.788852E-01 3.600E-01
  4.910084E-01 3.242E-01
  5.034380E-01 2.920E-01
  5.161828E-01 2.630E-01
  5.292500E-01 2.366E-01
  5.426480E-01 2.128E-01
  5.563852E-01 1.914E-01
  5.704704E-01 1.721E-01
  5.849116E-01 1.546E-01
  5.997188E-01 1.389E-01
  6.149008E-01 1.247E-01
  6.304672E-01 1.119E-01
  6.464272E-01 1.004E-01
  6.627920E-01 9.010E-02
  6.795704E-01 8.077E-02
  6.967740E-01 7.240E-02
  7.144128E-01 6.487E-02
  7.324984E-01 5.810E-02
  7.510416E-01 5.202E-02
  7.700544E-01 4.655E-02
  7.895484E-01 4.165E-02
  8.095360E-01 3.725E-02
  8.300292E-01 3.330E-02
  8.510416E-01 2.975E-02
  8.725856E-01 2.660E-02
  8.946752E-01 2.374E-02
  9.173244E-01 2.120E-02
  9.405464E-01 1.892E-02
  9.643564E-01 1.688E-02
  9.887692E-01 1.505E-02
  1.013800E+00 1.341E-02
  1.039464E+00 1.195E-02
  1.065779E+00 1.065E-02
  1.092759E+00 9.482E-03
  1.120422E+00 8.442E-03
  1.148786E+00 7.513E-03
  1.177868E+00 6.683E-03
  1.207686E+00 5.942E-03
  1.238258E+00 5.282E-03
  1.269605E+00 4.695E-03
  1.301745E+00 4.170E-03
  1.334699E+00 3.703E-03
  1.368487E+00 3.288E-03
  1.403130E+00 2.917E-03
  1.438651E+00 2.587E-03
  1.475070E+00 2.295E-03
  1.512412E+00 2.034E-03
  1.550699E+00 1.803E-03
  1.589955E+00 1.597E-03
  1.630205E+00 1.414E-03
  1.671474E+00 1.252E-03
  1.713787E+00 1.108E-03
  1.757172E+00 9.802E-04
  1.801655E+00 8.670E-04
  1.847264E+00 7.665E-04
  1.894028E+00 6.775E-04
  1.941975E+00 5.985E-04
  1.991137E+00 5.287E-04
  2.041543E+00 4.667E-04
  2.093224E+00 4.120E-04
  2.146215E+00 3.635E-04
  2.200546E+00 3.207E-04
  2.256254E+00 2.827E-04
  2.313371E+00 2.493E-04
  2.371934E+00 2.197E-04
  2.431980E+00 1.935E-04
  2.493546E+00 1.705E-04
  2.556670E+00 1.501E-04
  2.621393E+00 1.321E-04
  2.687753E+00 1.162E-04
  2.755794E+00 1.023E-04
  2.825557E+00 8.990E-05
  2.897087E+00 7.902E-05
  2.970427E+00 6.945E-05
      10   2   1   200    4  -2.50000E-01     107
  2.100000E-01 1.331E+01
  2.152963E-01 1.265E+01
  2.207262E-01 1.203E+01
  2.262930E-01 1.143E+01
  2.320002E-01 1.086E+01
  2.378513E-01 1.032E+01
  2.438500E-01 9.813E+00
  2.500000E-01 9.325E+00
  2.563288E-01 8.862E+00
  2.628178E-01 8.420E+00
  2.694710E-01 8.000E+00
  2.762928E-01 7.600E+00
  2.832871E-01 7.220E+00
  2.904586E-01 6.857E+00
  2.978116E-01 6.513E+00
  3.053507E-01 6.185E+00
  3.130807E-01 5.872E+00
  3.210064E-01 5.577E+00
  3.291327E-01 5.295E+00
  3.374647E-01 5.025E+00
  3.460077E-01 4.770E+00
  3.547669E-01 4.527E+00
  3.637479E-01 4.298E+00
  3.729562E-01 4.080E+00
  3.823976E-01 3.870E+00
  3.920780E-01 3.672E+00
  4.020036E-01 3.485E+00
  4.121804E-01 3.305E+00
  4.226148E-01 3.135E+00
  4.333132E-01 2.975E+00
  4.442828E-01 2.823E+00
  4.555296E-01 2.675E+00
  4.670616E-01 2.537E+00
  4.788852E-01 2.406E+00
  4.910084E-01 2.281E+00
  5.034380E-01 2.163E+00
  5.161828E-01 2.050E+00
  5.292500E-01 1.944E+00
  5.426480E-01 1.842E+00
  5.563852E-01 1.746E+00
  5.704704E-01 1.654E+00
  5.849116E-01 1.568E+00
  5.997188E-01 1.485E+00
  6.149008E-01 1.407E+00
  6.304672E-01 1.333E+00
  6.464272E-01 1.263E+00
  6.627920E-01 1.196E+00
  6.795704E-01 1.133E+00
  6.967740E-01 1.073E+00
  7.144128E-01 1.016E+00
  7.324984E-01 9.617E-01
  7.510416E-01 9.105E-01
  7.700544E-01 8.618E-01
  7.895484E-01 8.157E-01
  8.095360E-01 7.720E-01
  8.300292E-01 7.308E-01
  8.510416E-01 6.915E-01
  8.725856E-01 6.542E-01
  8.946752E-01 6.190E-01
  9.173244E-01 5.855E-01
  9.405464E-01 5.538E-01
  9.643564E-01 5.237E-01
  9.887692E-01 4.953E-01
  1.013800E+00 4.682E-01
  1.039464E+00 4.427E-01
  1.065779E+00 4.188E-01
  1.092759E+00 3.957E-01
  1.120422E+00 3.740E-01
  1.148786E+00 3.535E-01
  1.177868E+00 3.340E-01
  1.207686E+00 3.155E-01
  1.238258E+00 2.983E-01
  1.269605E+00 2.818E-01
  1.301745E+00 2.660E-01
  1.334699E+00 2.512E-01
  1.368487E+00 2.373E-01
  1.403130E+00 2.240E-01
  1.438651E+00 2.115E-01
  1.475070E+00 1.996E-01
  1.512412E+00 1.884E-01
  1.550699E+00 1.778E-01
  1.589955E+00 1.678E-01
  1.630205E+00 1.583E-01
  1.671474E+00 1.494E-01
  1.713787E+00 1.409E-01
  1.757172E+00 1.329E-01
  1.801655E+00 1.253E-01
  1.847264E+00 1.181E-01
  1.894028E+00 1.114E-01
  1.941975E+00 1.050E-01
  1.991137E+00 9.897E-02
  2.041543E+00 9.327E-02
  2.093224E+00 8.787E-02
  2.146215E+00 8.280E-02
  2.200546E+00 7.800E-02
  2.256254E+00 7.345E-02
  2.313371E+00 6.918E-02
  2.371934E+00 6.512E-02
  2.431980E+00 6.133E-02
  2.493546E+00 5.772E-02
  2.556670E+00 5.432E-02
  2.621393E+00 5.113E-02
  2.687753E+00 4.810E-02
  2.755794E+00 4.525E-02
  2.825557E+00 4.258E-02
  2.897087E+00 4.003E-02
  2.970427E+00 3.765E-02
 ================================================
