 ======================================================================================
      i NZ NE iSLP iLV iCONF                 E(RYD)      TE(RYD)   gi     EQN    RL(NS)
 ======================================================================================
      1  1  1  200   1 () 1s           -1.00000E+00  0.00000E+00  2.0  1.0000  1.00E+30
      2  1  1  200   2 () 2s           -2.50000E-01  7.50000E-01  2.0  2.0000  1.00E+30
      3  1  1  200   3 () 3s           -1.11111E-01  8.88889E-01  2.0  3.0000  1.59E+02
      4  1  1  200   4 () 4s           -6.25000E-02  9.37500E-01  2.0  4.0000  2.27E+02
      5  1  1  200   5 () 5s           -4.00000E-02  9.60000E-01  2.0  5.0000  3.53E+02
      6  1  1  200   6 () 6s           -2.77778E-02  9.72222E-01  2.0  6.0000  5.35E+02
      7  1  1  200   7 () 7s           -2.04082E-02  9.79592E-01  2.0  7.0000  7.83E+02
      8  1  1  200   8 () 8s           -1.56250E-02  9.84375E-01  2.0  8.0000  1.11E+03
      9  1  1  200   9 () 9s           -1.23457E-02  9.87654E-01  2.0  9.0000  1.51E+03
     10  1  1  200  10 ()10s           -1.00000E-02  9.90000E-01  2.0 10.0000  2.01E+03
     11  1  1  211   1 () 2p           -2.50000E-01  7.50000E-01  6.0  2.0000  1.60E+00
     12  1  1  211   2 () 3p           -1.11111E-01  8.88889E-01  6.0  3.0000  5.28E+00
     13  1  1  211   3 () 4p           -6.25000E-02  9.37500E-01  6.0  4.0000  1.23E+01
     14  1  1  211   4 () 5p           -4.00000E-02  9.60000E-01  6.0  5.0000  2.38E+01
     15  1  1  211   5 () 6p           -2.77778E-02  9.72222E-01  6.0  6.0000  4.08E+01
     16  1  1  211   6 () 7p           -2.04082E-02  9.79592E-01  6.0  7.0000  6.45E+01
     17  1  1  211   7 () 8p           -1.56250E-02  9.84375E-01  6.0  8.0000  9.59E+01
     18  1  1  211   8 () 9p           -1.23457E-02  9.87654E-01  6.0  9.0000  1.36E+02
     19  1  1  211   9 ()10p           -1.00000E-02  9.90000E-01  6.0 10.0000  1.87E+02
     20  1  1  220   1 () 3d           -1.11111E-01  8.88889E-01 10.0  3.0000  1.55E+01
     21  1  1  220   2 () 4d           -6.25000E-02  9.37500E-01 10.0  4.0000  3.62E+01
     22  1  1  220   3 () 5d           -4.00000E-02  9.60000E-01 10.0  5.0000  6.98E+01
     23  1  1  220   4 () 6d           -2.77778E-02  9.72222E-01 10.0  6.0000  1.19E+02
     24  1  1  220   5 () 7d           -2.04082E-02  9.79592E-01 10.0  7.0000  1.88E+02
     25  1  1  220   6 () 8d           -1.56250E-02  9.84375E-01 10.0  8.0000  2.79E+02
     26  1  1  220   7 () 9d           -1.23457E-02  9.87654E-01 10.0  9.0000  3.95E+02
     27  1  1  220   8 ()10d           -1.00000E-02  9.90000E-01 10.0 10.0000  5.38E+02
     28  1  1  231   1 () 4f           -6.25000E-02  9.37500E-01 14.0  4.0000  7.24E+01
     29  1  1  231   2 () 5f           -4.00000E-02  9.60000E-01 14.0  5.0000  1.40E+02
     30  1  1  231   3 () 6f           -2.77778E-02  9.72222E-01 14.0  6.0000  2.40E+02
     31  1  1  231   4 () 7f           -2.04082E-02  9.79592E-01 14.0  7.0000  3.77E+02
     32  1  1  231   5 () 8f           -1.56250E-02  9.84375E-01 14.0  8.0000  5.60E+02
     33  1  1  231   6 () 9f           -1.23457E-02  9.87654E-01 14.0  9.0000  7.91E+02
     34  1  1  231   7 ()10f           -1.00000E-02  9.90000E-01 14.0 10.0000  1.08E+03
     35  1  1  240   1 () 5g           -4.00000E-02  9.60000E-01 18.0  5.0000  2.36E+02
     36  1  1  240   2 () 6g           -2.77778E-02  9.72222E-01 18.0  6.0000  4.04E+02
     37  1  1  240   3 () 7g           -2.04082E-02  9.79592E-01 18.0  7.0000  6.36E+02
     38  1  1  240   4 () 8g           -1.56250E-02  9.84375E-01 18.0  8.0000  9.42E+02
     39  1  1  240   5 () 9g           -1.23457E-02  9.87654E-01 18.0  9.0000  1.33E+03
     40  1  1  240   6 ()10g           -1.00000E-02  9.90000E-01 18.0 10.0000  1.81E+03
     41  1  1  251   1 () 6h           -2.77778E-02  9.72222E-01 22.0  6.0000  6.08E+02
     42  1  1  251   2 () 7h           -2.04082E-02  9.79592E-01 22.0  7.0000  9.61E+02
     43  1  1  251   3 () 8h           -1.56250E-02  9.84375E-01 22.0  8.0000  1.42E+03
     44  1  1  251   4 () 9h           -1.23457E-02  9.87654E-01 22.0  9.0000  2.02E+03
     45  1  1  251   5 ()10h           -1.00000E-02  9.90000E-01 22.0 10.0000  2.75E+03
     46  1  1  260   1 () 7i           -2.04082E-02  9.79592E-01 26.0  7.0000  1.35E+03
     47  1  1  260   2 () 8i           -1.56250E-02  9.84375E-01 26.0  8.0000  2.01E+03
     48  1  1  260   3 () 9i           -1.23457E-02  9.87654E-01 26.0  9.0000  2.84E+03
     49  1  1  260   4 ()10i           -1.00000E-02  9.90000E-01 26.0 10.0000  3.88E+03
     50  1  1  271   1 () 8k           -1.56250E-02  9.84375E-01 30.0  8.0000  2.69E+03
     51  1  1  271   2 () 9k           -1.23457E-02  9.87654E-01 30.0  9.0000  3.81E+03
     52  1  1  271   3 ()10k           -1.00000E-02  9.90000E-01 30.0 10.0000  5.21E+03
     53  1  1  280   1 () 9l           -1.23457E-02  9.87654E-01 34.0  9.0000  4.91E+03
     54  1  1  280   2 ()10l           -1.00000E-02  9.90000E-01 34.0 10.0000  6.73E+03
     55  1  1  291   1 ()10m           -1.00000E-02  9.90000E-01 38.0 10.0000  8.44E+03
     56  2  1  200   1 () 1s           -4.00000E+00  0.00000E+00  2.0  1.0000  1.00E+30
     57  2  1  200   2 () 2s           -1.00000E+00  3.00000E+00  2.0  2.0000  1.00E+30
     58  2  1  200   3 () 3s           -4.44444E-01  3.55556E+00  2.0  3.0000  9.90E+00
     59  2  1  200   4 () 4s           -2.50000E-01  3.75000E+00  2.0  4.0000  1.42E+01
     60  2  1  200   5 () 5s           -1.60000E-01  3.84000E+00  2.0  5.0000  2.20E+01
     61  2  1  200   6 () 6s           -1.11111E-01  3.88889E+00  2.0  6.0000  3.34E+01
     62  2  1  200   7 () 7s           -8.16326E-02  3.91837E+00  2.0  7.0000  4.89E+01
     63  2  1  200   8 () 8s           -6.25000E-02  3.93750E+00  2.0  8.0000  6.91E+01
     64  2  1  200   9 () 9s           -4.93827E-02  3.95062E+00  2.0  9.0000  9.45E+01
     65  2  1  200  10 ()10s           -4.00000E-02  3.96000E+00  2.0 10.0000  1.26E+02
     66  2  1  211   1 () 2p           -1.00000E+00  3.00000E+00  6.0  2.0000  9.98E-02
     67  2  1  211   2 () 3p           -4.44444E-01  3.55556E+00  6.0  3.0000  3.30E-01
     68  2  1  211   3 () 4p           -2.50000E-01  3.75000E+00  6.0  4.0000  7.68E-01
     69  2  1  211   4 () 5p           -1.60000E-01  3.84000E+00  6.0  5.0000  1.49E+00
     70  2  1  211   5 () 6p           -1.11111E-01  3.88889E+00  6.0  6.0000  2.55E+00
     71  2  1  211   6 () 7p           -8.16326E-02  3.91837E+00  6.0  7.0000  4.03E+00
     72  2  1  211   7 () 8p           -6.25000E-02  3.93750E+00  6.0  8.0000  5.99E+00
     73  2  1  211   8 () 9p           -4.93827E-02  3.95062E+00  6.0  9.0000  8.51E+00
     74  2  1  211   9 ()10p           -4.00000E-02  3.96000E+00  6.0 10.0000  1.16E+01
     75  2  1  220   1 () 3d           -4.44444E-01  3.55556E+00 10.0  3.0000  9.65E-01
     76  2  1  220   2 () 4d           -2.50000E-01  3.75000E+00 10.0  4.0000  2.26E+00
     77  2  1  220   3 () 5d           -1.60000E-01  3.84000E+00 10.0  5.0000  4.36E+00
     78  2  1  220   4 () 6d           -1.11111E-01  3.88889E+00 10.0  6.0000  7.43E+00
     79  2  1  220   5 () 7d           -8.16326E-02  3.91837E+00 10.0  7.0000  1.17E+01
     80  2  1  220   6 () 8d           -6.25000E-02  3.93750E+00 10.0  8.0000  1.74E+01
     81  2  1  220   7 () 9d           -4.93827E-02  3.95062E+00 10.0  9.0000  2.46E+01
     82  2  1  220   8 ()10d           -4.00000E-02  3.96000E+00 10.0 10.0000  3.36E+01
     83  2  1  231   1 () 4f           -2.50000E-01  3.75000E+00 14.0  4.0000  4.52E+00
     84  2  1  231   2 () 5f           -1.60000E-01  3.84000E+00 14.0  5.0000  8.76E+00
     85  2  1  231   3 () 6f           -1.11111E-01  3.88889E+00 14.0  6.0000  1.50E+01
     86  2  1  231   4 () 7f           -8.16326E-02  3.91837E+00 14.0  7.0000  2.36E+01
     87  2  1  231   5 () 8f           -6.25000E-02  3.93750E+00 14.0  8.0000  3.49E+01
     88  2  1  231   6 () 9f           -4.93827E-02  3.95062E+00 14.0  9.0000  4.94E+01
     89  2  1  231   7 ()10f           -4.00000E-02  3.96000E+00 14.0 10.0000  6.73E+01
     90  2  1  240   1 () 5g           -1.60000E-01  3.84000E+00 18.0  5.0000  1.47E+01
     91  2  1  240   2 () 6g           -1.11111E-01  3.88889E+00 18.0  6.0000  2.52E+01
     92  2  1  240   3 () 7g           -8.16326E-02  3.91837E+00 18.0  7.0000  3.97E+01
     93  2  1  240   4 () 8g           -6.25000E-02  3.93750E+00 18.0  8.0000  5.88E+01
     94  2  1  240   5 () 9g           -4.93827E-02  3.95062E+00 18.0  9.0000  8.31E+01
     95  2  1  240   6 ()10g           -4.00000E-02  3.96000E+00 18.0 10.0000  1.13E+02
     96  2  1  251   1 () 6h           -1.11111E-01  3.88889E+00 22.0  6.0000  3.80E+01
     97  2  1  251   2 () 7h           -8.16326E-02  3.91837E+00 22.0  7.0000  6.00E+01
     98  2  1  251   3 () 8h           -6.25000E-02  3.93750E+00 22.0  8.0000  8.89E+01
     99  2  1  251   4 () 9h           -4.93827E-02  3.95062E+00 22.0  9.0000  1.26E+02
    100  2  1  251   5 ()10h           -4.00000E-02  3.96000E+00 22.0 10.0000  1.71E+02
    101  2  1  260   1 () 7i           -8.16326E-02  3.91837E+00 26.0  7.0000  8.43E+01
    102  2  1  260   2 () 8i           -6.25000E-02  3.93750E+00 26.0  8.0000  1.25E+02
    103  2  1  260   3 () 9i           -4.93827E-02  3.95062E+00 26.0  9.0000  1.77E+02
    104  2  1  260   4 ()10i           -4.00000E-02  3.96000E+00 26.0 10.0000  2.42E+02
    105  2  1  271   1 () 8k           -6.25000E-02  3.93750E+00 30.0  8.0000  1.68E+02
    106  2  1  271   2 () 9k           -4.93827E-02  3.95062E+00 30.0  9.0000  2.38E+02
    107  2  1  271   3 ()10k           -4.00000E-02  3.96000E+00 30.0 10.0000  3.25E+02
    108  2  1  280   1 () 9l           -4.93827E-02  3.95062E+00 34.0  9.0000  3.07E+02
    109  2  1  280   2 ()10l           -4.00000E-02  3.96000E+00 34.0 10.0000  4.20E+02
    110  2  1  291   1 ()10m           -4.00000E-02  3.96000E+00 38.0 10.0000  5.27E+02
    111  2  2  100   1 1s2             -1.78678E+00  0.00000E+00  1.0  0.7481  1.00E+30
    112  2  2  100   2 1s 2s           -2.89696E-01  1.49708E+00  1.0  1.8579  1.00E+30
    113  2  2  100   3 1s 3s           -1.21938E-01  1.66484E+00  1.0  2.8637  5.64E+01
    114  2  2  100   4 1s 4s           -6.69194E-02  1.71986E+00  1.0  3.8657  9.05E+01
    115  2  2  100   5 1s 5s           -4.22279E-02  1.74455E+00  1.0  4.8663  1.50E+02
    116  2  2  100   6 1s 6s           -2.90552E-02  1.75772E+00  1.0  5.8666  2.38E+02
    117  2  2  100   7 1s 7s           -2.12076E-02  1.76557E+00  1.0  6.8668  3.59E+02
    118  2  2  100   8 1s 8s           -1.61581E-02  1.77062E+00  1.0  7.8669  5.19E+02
    119  2  2  100   9 1s 9s           -1.27188E-02  1.77406E+00  1.0  8.8670  7.21E+02
    120  2  2  100  10 1s10s           -1.02713E-02  1.77651E+00  1.0  9.8670  9.73E+02
    121  2  2  111   1 1s 2p           -2.47481E-01  1.53930E+00  3.0  2.0102  5.61E-01
    122  2  2  111   2 1s 3p           -1.10225E-01  1.67656E+00  3.0  3.0120  1.75E+00
    123  2  2  111   3 1s 4p           -6.21098E-02  1.72467E+00  3.0  4.0125  4.00E+00
    124  2  2  111   4 1s 5p           -3.97964E-02  1.74698E+00  3.0  5.0128  7.71E+00
    125  2  2  111   5 1s 6p           -2.76588E-02  1.75912E+00  3.0  6.0129  1.32E+01
    126  2  2  111   6 1s 7p           -2.03328E-02  1.76645E+00  3.0  7.0130  2.08E+01
    127  2  2  111   7 1s 8p           -1.55743E-02  1.77121E+00  3.0  8.0130  3.10E+01
    128  2  2  111   8 1s 9p           -1.23100E-02  1.77447E+00  3.0  9.0130  4.40E+01
    129  2  2  111   9 1s10p           -9.97393E-03  1.77681E+00  3.0 10.0131  6.03E+01
    130  2  2  120   1 1s 3d           -1.11240E-01  1.67554E+00  5.0  2.9983  1.57E+01
    131  2  2  120   2 1s 4d           -6.25585E-02  1.72422E+00  5.0  3.9981  3.71E+01
    132  2  2  120   3 1s 5d           -4.00308E-02  1.74675E+00  5.0  4.9981  7.21E+01
    133  2  2  120   4 1s 6d           -2.77960E-02  1.75898E+00  5.0  5.9980  1.24E+02
    134  2  2  120   5 1s 7d           -2.04198E-02  1.76636E+00  5.0  6.9980  1.97E+02
    135  2  2  120   6 1s 8d           -1.56328E-02  1.77115E+00  5.0  7.9980  2.94E+02
    136  2  2  120   7 1s 9d           -1.23512E-02  1.77443E+00  5.0  8.9980  4.17E+02
    137  2  2  120   8 1s10d           -1.00041E-02  1.77678E+00  5.0  9.9980  5.71E+02
    138  2  2  300   1 1s 2s           -3.50319E-01  1.43646E+00  3.0  1.6895  1.00E+30
    139  2  2  300   2 1s 3s           -1.37361E-01  1.64942E+00  3.0  2.6982  3.59E+01
    140  2  2  300   3 1s 4s           -7.30168E-02  1.71376E+00  3.0  3.7007  6.24E+01
    141  2  2  300   4 1s 5s           -4.52344E-02  1.74155E+00  3.0  4.7018  1.09E+02
    142  2  2  300   5 1s 6s           -3.07531E-02  1.75603E+00  3.0  5.7024  1.78E+02
    143  2  2  300   6 1s 7s           -2.22588E-02  1.76452E+00  3.0  6.7027  2.74E+02
    144  2  2  300   7 1s 8s           -1.68535E-02  1.76993E+00  3.0  7.7029  4.02E+02
    145  2  2  300   8 1s 9s           -1.32025E-02  1.77358E+00  3.0  8.7031  5.66E+02
    146  2  2  300   9 1s10s           -1.06212E-02  1.77616E+00  3.0  9.7032  7.70E+02
    147  2  2  311   1 1s 2p           -2.66159E-01  1.52062E+00  9.0  1.9383  9.77E+01
    148  2  2  311   2 1s 3p           -1.16111E-01  1.67067E+00  9.0  2.9347  9.55E+01
    149  2  2  311   3 1s 4p           -6.46272E-02  1.72215E+00  9.0  3.9336  1.39E+02
    150  2  2  311   4 1s 5p           -4.10912E-02  1.74569E+00  9.0  4.9332  2.20E+02
    151  2  2  311   5 1s 6p           -2.84094E-02  1.75837E+00  9.0  5.9329  3.40E+02
    152  2  2  311   6 1s 7p           -2.08058E-02  1.76597E+00  9.0  6.9328  5.03E+02
    153  2  2  311   7 1s 8p           -1.58913E-02  1.77089E+00  9.0  7.9327  7.18E+02
    154  2  2  311   8 1s 9p           -1.25326E-02  1.77425E+00  9.0  8.9326  9.90E+02
    155  2  2  311   9 1s10p           -1.01362E-02  1.77664E+00  9.0  9.9326  1.33E+03
    156  2  2  320   1 1s 3d           -1.11272E-01  1.67551E+00 15.0  2.9978  1.42E+01
    157  2  2  320   2 1s 4d           -6.25767E-02  1.72420E+00 15.0  3.9975  3.20E+01
    158  2  2  320   3 1s 5d           -4.00413E-02  1.74674E+00 15.0  4.9974  6.12E+01
    159  2  2  320   4 1s 6d           -2.78024E-02  1.75898E+00 15.0  5.9973  1.04E+02
    160  2  2  320   5 1s 7d           -2.04240E-02  1.76636E+00 15.0  6.9973  1.64E+02
    161  2  2  320   6 1s 8d           -1.56357E-02  1.77114E+00 15.0  7.9973  2.43E+02
    162  2  2  320   7 1s 9d           -1.23533E-02  1.77443E+00 15.0  8.9972  3.44E+02
    163  2  2  320   8 1s10d           -1.00056E-02  1.77677E+00 15.0  9.9972  4.70E+02
 ======================================================================================
